#2012  profile from Labrador Sea Station Bravo, data downloaded using Argo Marine Atlas
#P  T  S
0    11.37   34.32 
10     11.3    34.32
20     10.63   34.35
30     7.992   34.46
40     5.28    34.57
50     4.208   34.64
60     4.018   34.68
70     3.934   34.72
80     3.914   34.75
90     3.893   34.77
100    3.88    34.78
110    3.88    34.79
120    3.89    34.8
130    3.892   34.81
140    3.898   34.82
150    3.895   34.82
160    3.894   34.83
170    3.89    34.83
182.5  3.882   34.83
200    3.872   34.84
220    3.872   34.84
240    3.86    34.85
260    3.83    34.85
280    3.813   34.85
300    3.786   34.85
320    3.766   34.85
340    3.75    34.85
360    3.733   34.85
380    3.721   34.85
400    3.717   34.85
420    3.719   34.85
440    3.711   34.85
462.5  3.695   34.85
500    3.679   34.85
550    3.659   34.85
600    3.641   34.85
650    3.634   34.85
700    3.627   34.85
750    3.618   34.85
800    3.616   34.85
850    3.622   34.86
900    3.617   34.86
950    3.61    34.86
1000   3.599   34.86
1050   3.589   34.86
1100   3.577   34.86
1150   3.566   34.86
1200   3.572   34.86
1250   3.582   34.86