#16-AUG-2011T23 these data come from Argo global marine atlas at Ocean Station Bravo
0    10.32  34.4
10     10.19  34.4
20     9.675  34.41
30     8.366  34.43
40     6.16   34.54
50     4.738  34.64
60     4.273  34.68
70     4.084  34.7
80     3.964  34.72
90     3.923  34.74
100    3.904  34.76
110    3.915  34.77
120    3.92   34.79
130    3.902  34.8
140    3.884  34.8
150    3.879  34.81
160    3.858  34.82
170    3.858  34.82
182.5  3.877  34.83
200    3.895  34.84
220    3.908  34.85
240    3.912  34.85
260    3.908  34.86
280    3.908  34.86
300    3.904  34.86
