             VARIABLE : PSAL[X=308:310@AVE,Y=55.5:57.5@AVE,Z=0:1900,L=79:127]
             BAD FLAG : -9.9999998E+33
             SUBSET   : 57 by 49 points (DEPTH (dbar)-TIME)
             LONGITUDE: 52W to 50W
             LATITUDE : 55.5N to 57.5N
coordinates	2.5    	10      	20      	30      	40      	50      	60      	70      	80      	90      	100      	110      	120      	130      	140      	150      	160      	170      	182.5    	200      	220      	240      	260      	280      	300      	320      	340      	360      	380      	400      	420      	440      	462.5    	500      	550      	600      	650      	700      	750      	800      	850      	900      	950      	1000      	1050      	1100      	1150      	1200      	1250      	1300      	1350      	1413      	1500      	1600      	1700      	1800      	1900      
17-JUL-2010 07	34.4	34.42	34.45	34.5	34.55	34.59	34.63	34.66	34.69	34.7	34.72	34.74	34.75	34.77	34.78	34.79	34.8	34.8	34.8	34.81	34.82	34.83	34.84	34.85	34.85	34.85	34.86	34.86	34.86	34.86	34.86	34.86	34.86	34.87	34.87	34.87	34.87	34.87	34.87	34.87	34.86	34.86	34.86	34.86	34.86	34.86	34.86	34.87	34.87	34.87	34.88	34.88	34.89	34.9	34.91	34.91	34.91
16-AUG-2010 17	34.26	34.28	34.32	34.44	34.52	34.58	34.62	34.65	34.67	34.7	34.72	34.73	34.75	34.76	34.77	34.78	34.79	34.8	34.81	34.82	34.83	34.83	34.84	34.85	34.85	34.86	34.86	34.86	34.86	34.86	34.86	34.86	34.86	34.87	34.87	34.87	34.87	34.87	34.87	34.86	34.86	34.86	34.86	34.86	34.86	34.87	34.87	34.87	34.87	34.88	34.88	34.88	34.89	34.9	34.9	34.91	34.91
16-SEP-2010 04	34.35	34.35	34.36	34.42	34.58	34.67	34.72	34.74	34.75	34.76	34.77	34.78	34.79	34.8	34.81	34.82	34.83	34.83	34.84	34.85	34.86	34.86	34.87	34.88	34.88	34.88	34.88	34.88	34.88	34.88	34.88	34.88	34.88	34.88	34.88	34.88	34.87	34.87	34.87	34.86	34.86	34.86	34.86	34.86	34.86	34.87	34.87	34.87	34.87	34.87	34.87	34.88	34.89	34.9	34.9	34.91	34.91
16-OCT-2010 14	34.41	34.41	34.41	34.41	34.43	34.48	34.6	34.68	34.72	34.73	34.74	34.75	34.77	34.77	34.78	34.78	34.79	34.79	34.8	34.82	34.84	34.84	34.85	34.85	34.85	34.86	34.86	34.86	34.86	34.86	34.87	34.87	34.87	34.87	34.87	34.87	34.86	34.86	34.86	34.86	34.85	34.85	34.86	34.86	34.86	34.86	34.87	34.87	34.87	34.88	34.88	34.89	34.89	34.9	34.91	34.91	34.91
16-NOV-2010 01	34.45	34.45	34.46	34.46	34.47	34.47	34.49	34.53	34.61	34.67	34.72	34.75	34.76	34.78	34.79	34.8	34.82	34.83	34.84	34.85	34.86	34.86	34.86	34.86	34.86	34.86	34.86	34.86	34.86	34.87	34.87	34.87	34.87	34.87	34.87	34.87	34.87	34.87	34.87	34.87	34.87	34.86	34.86	34.86	34.86	34.87	34.87	34.87	34.88	34.88	34.88	34.89	34.9	34.91	34.91	34.91	34.91
16-DEC-2010 11	34.44	34.44	34.45	34.48	34.49	34.49	34.49	34.5	34.53	34.59	34.65	34.69	34.73	34.75	34.76	34.78	34.8	34.81	34.82	34.84	34.86	34.87	34.88	34.88	34.88	34.88	34.88	34.88	34.88	34.88	34.88	34.88	34.88	34.88	34.88	34.88	34.88	34.88	34.88	34.88	34.88	34.87	34.87	34.87	34.87	34.87	34.88	34.88	34.88	34.89	34.89	34.89	34.9	34.91	34.91	34.91	34.91
15-JAN-2011 21	34.54	34.54	34.53	34.53	34.53	34.53	34.54	34.54	34.55	34.56	34.58	34.6	34.62	34.65	34.68	34.71	34.75	34.78	34.81	34.85	34.88	34.89	34.89	34.89	34.88	34.88	34.88	34.88	34.88	34.88	34.88	34.88	34.88	34.88	34.88	34.88	34.88	34.88	34.88	34.88	34.88	34.87	34.87	34.87	34.87	34.87	34.87	34.87	34.88	34.88	34.88	34.89	34.89	34.9	34.91	34.91	34.91
15-FEB-2011 08	34.67	34.67	34.67	34.67	34.67	34.67	34.67	34.66	34.67	34.67	34.67	34.67	34.67	34.67	34.67	34.68	34.69	34.71	34.75	34.79	34.83	34.85	34.87	34.88	34.88	34.88	34.88	34.88	34.88	34.88	34.88	34.88	34.88	34.87	34.87	34.87	34.87	34.87	34.87	34.88	34.88	34.87	34.87	34.87	34.87	34.87	34.87	34.88	34.88	34.88	34.89	34.89	34.9	34.91	34.91	34.91	34.91
17-MAR-2011 18	34.72	34.72	34.71	34.71	34.71	34.71	34.71	34.71	34.71	34.71	34.71	34.71	34.72	34.72	34.72	34.73	34.73	34.74	34.75	34.77	34.79	34.8	34.81	34.83	34.83	34.84	34.85	34.86	34.86	34.87	34.87	34.87	34.87	34.87	34.87	34.87	34.87	34.87	34.87	34.87	34.87	34.87	34.86	34.86	34.86	34.87	34.87	34.87	34.87	34.88	34.88	34.88	34.89	34.9	34.91	34.91	34.91
17-APR-2011 05	34.76	34.76	34.76	34.76	34.76	34.76	34.77	34.77	34.77	34.77	34.77	34.78	34.78	34.78	34.79	34.79	34.8	34.8	34.81	34.82	34.83	34.85	34.86	34.87	34.88	34.88	34.89	34.89	34.89	34.89	34.89	34.89	34.89	34.89	34.89	34.88	34.88	34.88	34.88	34.88	34.89	34.89	34.88	34.88	34.88	34.88	34.88	34.88	34.88	34.89	34.89	34.89	34.9	34.9	34.91	34.91	34.91
17-MAY-2011 15	34.74	34.74	34.75	34.76	34.76	34.77	34.78	34.79	34.8	34.8	34.8	34.81	34.81	34.81	34.82	34.82	34.82	34.82	34.83	34.84	34.86	34.87	34.88	34.89	34.89	34.89	34.89	34.89	34.89	34.89	34.89	34.89	34.89	34.89	34.89	34.89	34.89	34.89	34.89	34.89	34.89	34.89	34.89	34.89	34.89	34.89	34.89	34.89	34.89	34.89	34.89	34.9	34.9	34.9	34.91	34.91	34.91
17-JUN-2011 02	34.64	34.64	34.66	34.69	34.71	34.72	34.74	34.76	34.77	34.78	34.78	34.79	34.79	34.79	34.8	34.8	34.8	34.81	34.81	34.82	34.82	34.83	34.83	34.83	34.84	34.84	34.85	34.85	34.85	34.85	34.86	34.86	34.86	34.86	34.86	34.86	34.86	34.87	34.87	34.87	34.87	34.87	34.87	34.87	34.87	34.87	34.87	34.87	34.87	34.87	34.87	34.88	34.88	34.89	34.9	34.91	34.91
17-JUL-2011 12	34.54	34.54	34.56	34.59	34.66	34.7	34.73	34.75	34.76	34.77	34.79	34.79	34.81	34.82	34.82	34.83	34.84	34.84	34.85	34.85	34.86	34.87	34.87	34.87	34.87	34.87	34.87	34.87	34.87	34.88	34.87	34.87	34.87	34.87	34.87	34.87	34.87	34.87	34.87	34.87	34.87	34.87	34.87	34.87	34.87	34.88	34.88	34.88	34.88	34.88	34.88	34.88	34.89	34.89	34.9	34.9	34.91
16-AUG-2011 23	34.4	34.41	34.42	34.44	34.52	34.62	34.66	34.69	34.72	34.75	34.77	34.79	34.8	34.81	34.81	34.82	34.83	34.83	34.84	34.85	34.85	34.85	34.86	34.86	34.86	34.86	34.86	34.86	34.86	34.86	34.86	34.86	34.86	34.86	34.86	34.86	34.86	34.86	34.87	34.87	34.87	34.87	34.87	34.87	34.87	34.87	34.87	34.87	34.87	34.88	34.88	34.88	34.89	34.9	34.9	34.91	34.91
16-SEP-2011 09	34.39	34.39	34.39	34.42	34.5	34.6	34.68	34.7	34.71	34.72	34.74	34.76	34.77	34.78	34.8	34.81	34.82	34.82	34.83	34.84	34.85	34.85	34.86	34.86	34.86	34.87	34.87	34.87	34.87	34.87	34.87	34.87	34.87	34.87	34.87	34.87	34.87	34.87	34.87	34.87	34.87	34.88	34.87	34.87	34.87	34.87	34.87	34.87	34.88	34.88	34.88	34.89	34.89	34.9	34.91	34.91	34.91
16-OCT-2011 20	34.47	34.46	34.46	34.45	34.46	34.49	34.58	34.66	34.7	34.73	34.74	34.76	34.78	34.79	34.8	34.81	34.82	34.83	34.83	34.84	34.85	34.86	34.86	34.87	34.87	34.87	34.88	34.87	34.87	34.87	34.87	34.87	34.88	34.88	34.88	34.88	34.88	34.88	34.88	34.88	34.88	34.88	34.88	34.87	34.87	34.87	34.87	34.88	34.88	34.88	34.89	34.89	34.9	34.91	34.91	34.91	34.91
16-NOV-2011 06	34.53	34.53	34.53	34.54	34.58	34.61	34.63	34.64	34.67	34.69	34.7	34.75	34.79	34.8	34.81	34.82	34.83	34.84	34.84	34.85	34.86	34.86	34.86	34.86	34.86	34.86	34.87	34.87	34.87	34.87	34.87	34.87	34.87	34.88	34.87	34.87	34.87	34.87	34.87	34.87	34.87	34.87	34.87	34.87	34.87	34.87	34.87	34.87	34.88	34.88	34.88	34.88	34.89	34.89	34.9	34.9	34.91
16-DEC-2011 17	34.6	34.6	34.61	34.6	34.61	34.61	34.61	34.61	34.6	34.61	34.61	34.62	34.63	34.64	34.65	34.67	34.71	34.74	34.78	34.8	34.82	34.85	34.87	34.88	34.88	34.89	34.89	34.89	34.89	34.89	34.89	34.89	34.89	34.89	34.88	34.89	34.89	34.88	34.88	34.88	34.88	34.88	34.88	34.88	34.88	34.88	34.88	34.89	34.89	34.89	34.89	34.9	34.9	34.91	34.91	34.91	34.91
16-JAN-2012 03	34.69	34.69	34.69	34.69	34.7	34.7	34.7	34.7	34.7	34.7	34.7	34.71	34.72	34.72	34.72	34.72	34.73	34.73	34.73	34.74	34.78	34.81	34.82	34.83	34.84	34.84	34.85	34.85	34.85	34.85	34.85	34.86	34.86	34.87	34.88	34.88	34.88	34.88	34.88	34.88	34.88	34.88	34.88	34.88	34.88	34.88	34.88	34.88	34.88	34.89	34.89	34.89	34.9	34.91	34.91	34.91	34.91
15-FEB-2012 14	34.8	34.79	34.79	34.79	34.79	34.79	34.78	34.78	34.78	34.78	34.78	34.78	34.78	34.78	34.78	34.78	34.78	34.79	34.79	34.79	34.8	34.81	34.81	34.81	34.81	34.82	34.82	34.82	34.82	34.83	34.83	34.83	34.83	34.83	34.83	34.83	34.83	34.84	34.85	34.86	34.87	34.87	34.87	34.87	34.87	34.87	34.87	34.87	34.87	34.88	34.88	34.89	34.89	34.9	34.91	34.91	34.91
17-MAR-2012 00	34.79	34.79	34.79	34.79	34.79	34.79	34.79	34.79	34.79	34.8	34.8	34.8	34.8	34.8	34.81	34.81	34.81	34.81	34.82	34.82	34.82	34.82	34.83	34.83	34.84	34.84	34.84	34.84	34.84	34.84	34.84	34.84	34.84	34.84	34.85	34.85	34.85	34.86	34.86	34.86	34.86	34.86	34.86	34.87	34.87	34.87	34.87	34.88	34.88	34.89	34.89	34.9	34.9	34.91	34.91	34.91	34.91
16-APR-2012 11	34.65	34.65	34.66	34.68	34.7	34.72	34.73	34.74	34.75	34.76	34.77	34.77	34.78	34.79	34.79	34.79	34.8	34.8	34.81	34.81	34.82	34.83	34.83	34.83	34.84	34.84	34.83	34.84	34.84	34.84	34.84	34.83	34.83	34.83	34.84	34.84	34.85	34.85	34.85	34.85	34.86	34.86	34.86	34.87	34.87	34.87	34.88	34.88	34.88	34.88	34.89	34.89	34.9	34.9	34.91	34.91	34.91
16-MAY-2012 21	34.67	34.67	34.67	34.68	34.71	34.72	34.73	34.74	34.75	34.76	34.77	34.77	34.78	34.78	34.79	34.79	34.8	34.81	34.81	34.82	34.83	34.83	34.84	34.84	34.85	34.85	34.85	34.85	34.85	34.85	34.86	34.86	34.86	34.86	34.86	34.86	34.86	34.87	34.87	34.87	34.87	34.87	34.87	34.88	34.88	34.88	34.88	34.89	34.89	34.89	34.9	34.9	34.91	34.91	34.91	34.91	34.91
16-JUN-2012 08	34.52	34.56	34.57	34.59	34.64	34.68	34.7	34.73	34.75	34.77	34.78	34.79	34.79	34.8	34.81	34.81	34.82	34.82	34.83	34.83	34.83	34.84	34.84	34.84	34.84	34.84	34.84	34.84	34.84	34.84	34.84	34.85	34.85	34.85	34.85	34.85	34.85	34.85	34.85	34.85	34.85	34.85	34.85	34.86	34.86	34.86	34.86	34.86	34.86	34.87	34.87	34.88	34.89	34.9	34.91	34.91	34.91
16-JUL-2012 18	34.31	34.33	34.44	34.52	34.58	34.64	34.68	34.69	34.73	34.75	34.77	34.78	34.79	34.8	34.81	34.81	34.82	34.82	34.82	34.83	34.83	34.84	34.84	34.84	34.84	34.84	34.85	34.85	34.85	34.85	34.85	34.85	34.85	34.85	34.85	34.85	34.85	34.85	34.85	34.85	34.86	34.86	34.86	34.86	34.86	34.86	34.86	34.87	34.87	34.88	34.89	34.89	34.9	34.91	34.91	34.91	34.91
16-AUG-2012 05	34.22	34.23	34.27	34.41	34.53	34.61	34.66	34.7	34.74	34.76	34.78	34.79	34.8	34.81	34.82	34.82	34.83	34.83	34.84	34.85	34.85	34.85	34.85	34.85	34.85	34.85	34.85	34.86	34.85	34.86	34.86	34.86	34.86	34.86	34.86	34.85	34.86	34.86	34.86	34.86	34.86	34.86	34.86	34.86	34.86	34.86	34.86	34.87	34.87	34.88	34.88	34.89	34.9	34.91	34.91	34.91	34.91
15-SEP-2012 15	34.18	34.18	34.21	34.29	34.42	34.53	34.61	34.66	34.71	34.73	34.75	34.76	34.78	34.79	34.8	34.81	34.81	34.82	34.83	34.84	34.84	34.85	34.85	34.86	34.86	34.86	34.86	34.86	34.86	34.86	34.86	34.86	34.86	34.86	34.86	34.86	34.86	34.86	34.86	34.86	34.86	34.86	34.86	34.87	34.86	34.87	34.87	34.87	34.88	34.88	34.89	34.9	34.91	34.91	34.91	34.91	34.91
16-OCT-2012 02	34.31	34.32	34.32	34.32	34.34	34.4	34.53	34.63	34.68	34.71	34.73	34.74	34.76	34.77	34.78	34.79	34.8	34.81	34.82	34.83	34.83	34.84	34.85	34.85	34.86	34.86	34.86	34.86	34.86	34.86	34.86	34.86	34.86	34.87	34.87	34.87	34.87	34.87	34.87	34.87	34.87	34.87	34.87	34.88	34.88	34.88	34.88	34.88	34.88	34.89	34.9	34.9	34.91	34.91	34.91	34.91	34.91
15-NOV-2012 12	34.43	34.43	34.43	34.43	34.43	34.43	34.47	34.55	34.58	34.63	34.67	34.71	34.77	34.79	34.8	34.8	34.81	34.82	34.83	34.84	34.84	34.85	34.85	34.86	34.86	34.86	34.86	34.86	34.86	34.86	34.86	34.86	34.86	34.86	34.87	34.87	34.87	34.87	34.87	34.87	34.87	34.87	34.87	34.87	34.87	34.87	34.87	34.88	34.89	34.89	34.9	34.9	34.91	34.91	34.91	34.91	34.91
15-DEC-2012 23	34.44	34.44	34.44	34.45	34.47	34.49	34.51	34.53	34.53	34.54	34.59	34.63	34.68	34.75	34.79	34.81	34.83	34.84	34.84	34.85	34.85	34.86	34.86	34.86	34.86	34.86	34.86	34.86	34.86	34.86	34.86	34.87	34.86	34.86	34.86	34.86	34.86	34.86	34.86	34.86	34.86	34.86	34.86	34.87	34.87	34.87	34.87	34.88	34.88	34.89	34.89	34.9	34.9	34.91	34.91	34.91	34.91
15-JAN-2013 09	34.47	34.47	34.48	34.49	34.5	34.51	34.51	34.52	34.52	34.53	34.55	34.59	34.63	34.68	34.72	34.75	34.77	34.78	34.8	34.82	34.85	34.86	34.86	34.86	34.86	34.86	34.86	34.86	34.86	34.86	34.86	34.86	34.86	34.86	34.86	34.86	34.86	34.86	34.86	34.86	34.86	34.86	34.86	34.86	34.86	34.87	34.87	34.88	34.88	34.89	34.89	34.9	34.91	34.91	34.91	34.91	34.91
14-FEB-2013 20	34.61	34.61	34.61	34.61	34.61	34.61	34.61	34.61	34.61	34.61	34.61	34.61	34.61	34.62	34.62	34.62	34.63	34.64	34.67	34.72	34.78	34.81	34.83	34.84	34.85	34.86	34.86	34.87	34.87	34.87	34.87	34.87	34.87	34.86	34.86	34.87	34.87	34.88	34.88	34.88	34.88	34.88	34.88	34.88	34.88	34.88	34.88	34.89	34.89	34.9	34.9	34.9	34.91	34.91	34.91	34.91	34.91
17-MAR-2013 06	34.64	34.65	34.68	34.69	34.69	34.69	34.7	34.7	34.7	34.7	34.7	34.71	34.71	34.72	34.74	34.75	34.76	34.77	34.78	34.78	34.79	34.8	34.81	34.82	34.83	34.83	34.84	34.84	34.84	34.84	34.85	34.85	34.85	34.85	34.85	34.85	34.85	34.85	34.86	34.86	34.86	34.86	34.87	34.87	34.87	34.87	34.87	34.88	34.88	34.89	34.9	34.9	34.91	34.91	34.91	34.91	34.91
16-APR-2013 17	34.54	34.55	34.56	34.57	34.59	34.6	34.62	34.62	34.63	34.64	34.64	34.66	34.67	34.68	34.69	34.7	34.71	34.73	34.74	34.76	34.78	34.8	34.81	34.82	34.83	34.83	34.84	34.84	34.84	34.85	34.85	34.85	34.85	34.85	34.85	34.85	34.85	34.85	34.85	34.85	34.86	34.86	34.86	34.86	34.86	34.86	34.87	34.87	34.88	34.88	34.89	34.89	34.9	34.91	34.91	34.91	34.91
17-MAY-2013 03	34.62	34.62	34.63	34.62	34.62	34.63	34.63	34.64	34.65	34.66	34.67	34.68	34.7	34.71	34.72	34.74	34.75	34.75	34.76	34.78	34.8	34.82	34.83	34.84	34.85	34.85	34.86	34.86	34.86	34.86	34.86	34.86	34.86	34.86	34.86	34.86	34.86	34.86	34.86	34.86	34.86	34.86	34.86	34.86	34.86	34.87	34.87	34.87	34.88	34.88	34.89	34.89	34.9	34.91	34.91	34.91	34.91
16-JUN-2013 14	34.54	34.55	34.55	34.56	34.56	34.58	34.6	34.63	34.65	34.66	34.68	34.69	34.7	34.71	34.72	34.73	34.74	34.75	34.76	34.78	34.79	34.81	34.82	34.83	34.84	34.85	34.85	34.85	34.85	34.86	34.86	34.86	34.86	34.86	34.86	34.86	34.86	34.86	34.86	34.86	34.86	34.86	34.86	34.86	34.86	34.86	34.86	34.87	34.87	34.88	34.88	34.89	34.9	34.91	34.91	34.91	34.91
17-JUL-2013 00	34.44	34.44	34.45	34.49	34.54	34.58	34.61	34.64	34.66	34.68	34.7	34.72	34.73	34.74	34.76	34.76	34.77	34.78	34.78	34.79	34.81	34.82	34.84	34.84	34.85	34.85	34.85	34.86	34.86	34.87	34.87	34.87	34.87	34.87	34.87	34.87	34.86	34.86	34.86	34.86	34.86	34.86	34.86	34.85	34.85	34.85	34.85	34.86	34.86	34.87	34.88	34.88	34.89	34.9	34.91	34.91	34.91
16-AUG-2013 11	34.29	34.29	34.31	34.36	34.42	34.51	34.57	34.6	34.63	34.67	34.69	34.71	34.73	34.75	34.76	34.77	34.79	34.79	34.8	34.81	34.82	34.84	34.85	34.85	34.86	34.86	34.86	34.87	34.87	34.87	34.87	34.87	34.87	34.87	34.87	34.87	34.87	34.87	34.86	34.86	34.86	34.86	34.86	34.86	34.86	34.86	34.87	34.88	34.88	34.89	34.9	34.9	34.91	34.91	34.91	34.92	34.91
15-SEP-2013 21	34.37	34.37	34.37	34.39	34.42	34.47	34.55	34.61	34.64	34.67	34.69	34.71	34.73	34.75	34.76	34.77	34.78	34.79	34.8	34.82	34.83	34.84	34.85	34.86	34.86	34.86	34.87	34.87	34.87	34.87	34.87	34.87	34.87	34.87	34.87	34.87	34.87	34.87	34.86	34.86	34.86	34.86	34.86	34.86	34.86	34.86	34.86	34.87	34.88	34.88	34.89	34.9	34.9	34.91	34.91	34.91	34.91
16-OCT-2013 07	34.45	34.45	34.45	34.45	34.44	34.45	34.48	34.57	34.63	34.68	34.71	34.73	34.74	34.75	34.76	34.78	34.78	34.79	34.8	34.81	34.82	34.83	34.84	34.85	34.86	34.86	34.86	34.87	34.87	34.87	34.87	34.87	34.87	34.87	34.87	34.87	34.87	34.87	34.86	34.86	34.86	34.86	34.86	34.86	34.86	34.86	34.86	34.86	34.86	34.87	34.87	34.87	34.88	34.89	34.9	34.91	34.91
15-NOV-2013 18	34.47	34.47	34.47	34.47	34.47	34.47	34.47	34.48	34.51	34.57	34.61	34.65	34.69	34.73	34.78	34.79	34.8	34.81	34.82	34.82	34.83	34.84	34.85	34.85	34.86	34.86	34.86	34.86	34.86	34.86	34.86	34.87	34.87	34.87	34.87	34.87	34.87	34.86	34.86	34.86	34.86	34.86	34.86	34.86	34.86	34.86	34.86	34.87	34.87	34.88	34.88	34.89	34.9	34.91	34.91	34.91	34.91
16-DEC-2013 04	34.54	34.54	34.54	34.54	34.54	34.54	34.54	34.54	34.53	34.53	34.53	34.54	34.56	34.59	34.61	34.65	34.69	34.71	34.74	34.77	34.8	34.82	34.83	34.84	34.86	34.86	34.87	34.87	34.87	34.87	34.87	34.87	34.87	34.87	34.87	34.87	34.87	34.87	34.86	34.86	34.86	34.86	34.86	34.85	34.86	34.85	34.86	34.86	34.86	34.87	34.88	34.88	34.89	34.9	34.91	34.91	34.91
15-JAN-2014 15	34.64	34.64	34.65	34.65	34.65	34.65	34.65	34.65	34.66	34.66	34.67	34.66	34.66	34.66	34.67	34.68	34.68	34.69	34.7	34.71	34.72	34.73	34.75	34.79	34.82	34.83	34.85	34.86	34.86	34.86	34.86	34.86	34.86	34.86	34.87	34.87	34.87	34.86	34.86	34.86	34.86	34.86	34.86	34.85	34.85	34.86	34.86	34.86	34.86	34.87	34.87	34.87	34.88	34.9	34.91	34.91	34.91
15-FEB-2014 01	34.81	34.81	34.8	34.79	34.78	34.78	34.78	34.78	34.78	34.77	34.77	34.77	34.77	34.76	34.76	34.76	34.76	34.76	34.77	34.77	34.78	34.78	34.79	34.8	34.8	34.82	34.82	34.83	34.84	34.84	34.84	34.84	34.84	34.84	34.84	34.84	34.84	34.84	34.85	34.85	34.85	34.85	34.85	34.86	34.86	34.86	34.86	34.86	34.86	34.87	34.87	34.88	34.89	34.9	34.91	34.91	34.91
17-MAR-2014 12	34.82	34.82	34.82	34.81	34.81	34.81	34.81	34.81	34.81	34.81	34.81	34.81	34.81	34.81	34.81	34.81	34.81	34.81	34.81	34.81	34.82	34.82	34.82	34.82	34.82	34.82	34.82	34.83	34.83	34.83	34.83	34.83	34.83	34.84	34.84	34.84	34.84	34.84	34.84	34.84	34.84	34.84	34.84	34.84	34.84	34.85	34.85	34.86	34.86	34.87	34.88	34.88	34.9	34.91	34.91	34.92	34.91
16-APR-2014 22	34.75	34.75	34.75	34.75	34.76	34.76	34.76	34.76	34.76	34.77	34.77	34.77	34.78	34.78	34.78	34.79	34.79	34.79	34.79	34.8	34.81	34.82	34.83	34.83	34.83	34.83	34.83	34.84	34.84	34.84	34.84	34.84	34.84	34.84	34.84	34.84	34.84	34.83	34.84	34.84	34.84	34.84	34.85	34.85	34.85	34.85	34.85	34.85	34.85	34.85	34.85	34.86	34.87	34.89	34.9	34.91	34.91
17-MAY-2014 09	34.82	34.81	34.8	34.81	34.81	34.81	34.81	34.81	34.81	34.81	34.82	34.82	34.82	34.82	34.82	34.83	34.83	34.83	34.83	34.83	34.84	34.84	34.84	34.84	34.84	34.84	34.84	34.84	34.84	34.84	34.84	34.85	34.85	34.85	34.85	34.85	34.85	34.85	34.85	34.85	34.85	34.85	34.85	34.85	34.86	34.86	34.86	34.87	34.87	34.87	34.88	34.88	34.88	34.89	34.89	34.91	34.91
16-JUN-2014 19	34.57	34.6	34.64	34.66	34.68	34.7	34.72	34.74	34.75	34.76	34.77	34.77	34.78	34.79	34.79	34.8	34.8	34.8	34.81	34.81	34.82	34.83	34.83	34.83	34.83	34.83	34.83	34.83	34.83	34.83	34.84	34.84	34.84	34.84	34.84	34.84	34.84	34.84	34.84	34.84	34.84	34.84	34.84	34.84	34.85	34.85	34.85	34.85	34.85	34.86	34.86	34.87	34.89	34.9	34.91	34.91	34.92
17-JUL-2014 06	34.57	34.58	34.62	34.66	34.69	34.73	34.75	34.77	34.78	34.79	34.8	34.8	34.8	34.81	34.81	34.81	34.82	34.82	34.83	34.83	34.84	34.84	34.84	34.85	34.85	34.85	34.85	34.85	34.85	34.85	34.85	34.85	34.85	34.85	34.86	34.86	34.85	34.86	34.86	34.86	34.86	34.86	34.86	34.85	34.85	34.86	34.86	34.86	34.86	34.87	34.88	34.89	34.9	34.91	34.91	34.91	34.91
